0.0001645957508869469 0.6518136498277541
0.0006549732119590044 0.6539217566714552
0.0019229271048307418 0.6574765364467481
0.00661988991856575 0.6626479869581677
0.010266203888654709 0.666993606451014
0.016501547005176545 0.6715439308579231
0.02388531388759613 0.6793473736521753
0.03258031802654266 0.6834064510553214
0.0524780037689209 0.69074976955986
0.08030383086204529 0.6976193633889256
0.10539794218063354 0.7032989074420172
0.11696457789421082 0.7075657709169807
0.14428588779449464 0.7135143697128514
0.17091154397964478 0.7244957417041529
0.22529889644622803 0.7328784063281689
0.26187957313537596 0.7414302454349783
0.2926523941040039 0.7507415940191178
0.34311806644439696 0.7590793559038278
0.38310187965393067 0.764750983237375
0.4235514306640625 0.771693876849477
0.5078195181274414 0.7805962396436289
0.5780889002990722 0.7888081806912983
1.6337685192871094 0.8614755229976458
3.5020233135986327 0.921014650088374
5.964128642578125 0.9509466208456736
8.820782042236328 0.9672596334172169
11.963822412109375 0.9768240930381102
14.868004702148438 0.982486613442006
17.44594969482422 0.9853287019153801
19.816608525390624 0.9875779969572532
22.786209167480468 0.9897708975041168
24.852933325195313 0.9904667934129504
26.400723369140625 0.9908834621890821
28.887499482421877 0.992417852701724
29.723364580078126 0.992717674647593
30.852267797851564 0.9932695718136011
32.74218897949219 0.9929664335559705
35.770537309570315 0.9935312875084485
37.89105845703125 0.9936196557942918
40.086409448242186 0.9935098470713897
41.07187098632812 0.9938392950826883
45.94689558105469 0.9943949853326892
