0.0001660395304299891 0.6517740579293575
0.0006551404067128896 0.6538813477258175
0.001928334830701351 0.6574906509636913
0.006669316358566284 0.6624307306217856
0.011678647191524505 0.6670805856040889
0.016540232429504396 0.6714294124377763
0.02382724714756012 0.6790549661946634
0.03252783306121826 0.6828715457228641
0.05250409245967865 0.6907481793335837
0.08034134282112122 0.6975274025842256
0.10532143038749694 0.702758043638923
0.11672278888702392 0.707610439627046
0.1442512237930298 0.7129673604341631
0.17079035152435304 0.7233977555772045
0.22559811645507813 0.7322969688989094
0.2617533211898804 0.7407367743069585
0.29290186298370363 0.7505316806558636
0.3471214324569702 0.7586590981381549
0.3808653490829468 0.7648476404347759
0.4209379519271851 0.7705794360861252
0.5061207243347168 0.7794128958914894
0.5758023345947265 0.788444893840627
1.6206047885131836 0.8600743107185467
3.4473883612060545 0.9201717315897241
5.90236515258789 0.9498496701102005
8.65767814453125 0.9669256790907378
11.76506609375 0.9763150042044266
14.641482509765625 0.9820629869460873
17.231048298339843 0.9849705886293785
19.55753545654297 0.9870940491267899
22.463158969726564 0.9893368335330859
24.42325673828125 0.9901124747017491
25.823837250976563 0.9907543436778918
28.081076533203124 0.9924680016651051
29.29846396484375 0.9929284345324849
30.391390693359376 0.9932220633657114
32.5089475 0.9927953982091812
35.30694697753906 0.9934385235625668
37.24140463378906 0.9938488758290676
38.850626259765626 0.9935649780709949
40.06269712890625 0.9939665209773951
45.3664146484375 0.9944446055804612
