0.0001304821861721575 0.6515296265633812
0.0006950628307461739 0.654097772328218
0.001877845613360405 0.6586744257587089
0.004908974854946136 0.6648782850460802
0.009645606995821 0.6708507518198341
0.015026040070056916 0.6761841250512446
0.021895887863636016 0.6828467388328654
0.03124321873664856 0.6880796304453293
0.042314628705978394 0.6948542182797625
0.05322524918556213 0.7026752872881444
0.07285640594482422 0.7110674296979361
0.091706472158432 0.7179792363399989
0.1116454036140442 0.72594602635046
0.13975481176376342 0.7345260797128291
0.17340596096038818 0.7415994075882842
0.20868922531127929 0.7505898089056194
0.25139121131896974 0.7596312256537087
0.29737505584716795 0.766919711366801
0.34941986492156984 0.7737519619809825
0.3982396839141846 0.7832770834894583
0.4658651110076904 0.7943003122632228
0.533107045288086 0.7997675182101294
1.4506375799560547 0.8711365292049956
3.0606439318847656 0.9225405628000863
5.24104682006836 0.9493046189710498
7.594505223388672 0.9646983886527946
9.878674090576173 0.9730045847837744
12.01363404296875 0.9777012967766332
13.974192014160156 0.9814982974990294
15.562778427734376 0.9829019419077597
17.038917404785156 0.9844619848621963
17.76275037109375 0.9864790411296068
18.399500236816408 0.9872435720534692
19.19642020751953 0.9879309509314363
20.112262021484376 0.989282520216708
20.855798203125 0.989427525183768
21.43888056640625 0.9894208211982414
22.884348149414063 0.9894040559147066
24.146635549316407 0.9902635306286836
24.278323112792968 0.9903573682696465
25.05976830566406 0.9905960869602719
26.536447578125 0.9920746637902689
